  
 ----------------
 Bad Element Info
 ----------------
  
 Element          143
          3.5009294274961191        3.9111428953890015        0.0000000000000000     
          4.0000000000000000        4.0000000000000000        0.0000000000000000     
          3.7478578391727386        4.1853576359180567        0.0000000000000000     
          3.5141958719351236        4.2167085825842081        0.0000000000000000     
 Problems:
       Maximum Angle      151.32108716699685     
  
 //////////////////////////////////////////////////
 Element          144
          3.7478578391727386        4.1853576359180567        0.0000000000000000     
          4.0000000000000000        4.0000000000000000        0.0000000000000000     
          4.0292968800867452        4.0000000000000000        0.0000000000000000     
          3.8460430960664858        4.3738623176742664        0.0000000000000000     
 Problems:
       Condition          9.0961459350713305     
       Edge Ratio         14.211724831372265     
  
 //////////////////////////////////////////////////
 Element          156
          4.0822857298711268        5.5138038432435881        0.0000000000000000     
          4.0000000000000000        6.0000000000000000        0.0000000000000000     
          3.8254783757496074        5.7575950572737113        0.0000000000000000     
          3.7832716286156902        5.5233079975136619        0.0000000000000000     
 Problems:
       Maximum Angle      154.45994160331074     
  
 //////////////////////////////////////////////////
 Element          157
          3.8254783757496074        5.7575950572737113        0.0000000000000000     
          4.0000000000000000        6.0000000000000000        0.0000000000000000     
          4.0000000000000000        6.0390624993971969        0.0000000000000000     
          3.6304591030949824        5.8505674825327478        0.0000000000000000     
 Problems:
       Condition          6.6554564699438350     
       Edge Ratio         10.619861591798022     
  
 //////////////////////////////////////////////////
 Element          193
          2.4222324175762924        5.9721451579330163        0.0000000000000000     
          2.0000000000000000        6.0000000000000000        0.0000000000000000     
          1.9749823293352740        5.5753905549260159        0.0000000000000000     
          2.2205229537956344        5.7689954403882773        0.0000000000000000     
 Problems:
       Condition          8.2980926742433940     
       Maximum Angle      173.05139426660912     
  
 //////////////////////////////////////////////////
 Element          204
          1.9164797310994570        4.4992476924674483        0.0000000000000000     
          2.0000000000000000        4.0000000000000000        0.0000000000000000     
          2.1853783367190229        4.2528236391014786        0.0000000000000000     
          2.2191433055584535        4.4859370599081343        0.0000000000000000     
 Problems:
       Maximum Angle      151.99155086929522     
  
 //////////////////////////////////////////////////
 Element          205
          2.1853783367190229        4.2528236391014786        0.0000000000000000     
          2.0000000000000000        4.0000000000000000        0.0000000000000000     
          2.0000000000000000        3.9746093770145166        0.0000000000000000     
          2.3720787740557610        4.1527548915562358        0.0000000000000000     
 Problems:
       Condition          10.509061575837348     
       Edge Ratio         16.247214353704258     
  
 //////////////////////////////////////////////////
  
 ------------------------
 2D Mesh Quality Measures
 ------------------------
  
Signed Area     Aspect Ratio    Condition       Edge Ratio      Jacobian        Minimum Angle   Maximum Angle   Area Sign       
      1.7981E-01      1.3446E+00      1.0996E+00      1.6755E+00      1.1499E-01      6.9831E+01      1.1308E+02      1.0000E+00
      3.2017E-01      1.3021E+00      1.1135E+00      1.4202E+00      2.6717E-01      6.8082E+01      1.1082E+02      1.0000E+00
      2.8121E-01      1.0655E+00      1.0061E+00      1.1119E+00      2.7476E-01      8.8279E+01      9.1950E+01      1.0000E+00
      2.6382E-01      1.0154E+00      1.0004E+00      1.0250E+00      2.6191E-01      8.8979E+01      9.0932E+01      1.0000E+00
      2.6202E-01      1.0168E+00      1.0006E+00      1.0283E+00      2.5751E-01      8.8313E+01      9.1309E+01      1.0000E+00
      2.5833E-01      1.0091E+00      1.0007E+00      1.0191E+00      2.5394E-01      8.8660E+01      9.2187E+01      1.0000E+00
      2.4502E-01      1.0236E+00      1.0013E+00      1.0492E+00      2.3439E-01      8.7916E+01      9.2889E+01      1.0000E+00
      2.5490E-01      1.1039E+00      1.0153E+00      1.1515E+00      2.4140E-01      8.3705E+01      9.6321E+01      1.0000E+00
      3.1072E-01      1.3288E+00      1.1393E+00      1.4831E+00      2.5448E-01      6.4703E+01      1.1243E+02      1.0000E+00
      1.8602E-01      1.3375E+00      1.1014E+00      1.7257E+00      1.1638E-01      6.7018E+01      1.1129E+02      1.0000E+00
      2.1988E-01      1.0327E+00      1.0019E+00      1.0562E+00      2.1391E-01      8.7126E+01      9.1862E+01      1.0000E+00
      2.5527E-01      1.0425E+00      1.0042E+00      1.0871E+00      2.4757E-01      8.6121E+01      9.2224E+01      1.0000E+00
      2.7288E-01      1.0520E+00      1.0050E+00      1.0962E+00      2.7100E-01      8.7665E+01      9.2348E+01      1.0000E+00
      2.6329E-01      1.0371E+00      1.0024E+00      1.0650E+00      2.6042E-01      8.7993E+01      9.1892E+01      1.0000E+00
      2.6644E-01      1.0304E+00      1.0022E+00      1.0646E+00      2.5992E-01      8.7558E+01      9.1201E+01      1.0000E+00
      3.0661E-01      1.1237E+00      1.0393E+00      1.2041E+00      2.6350E-01      7.4440E+01      9.9407E+01      1.0000E+00
      2.0960E-01      1.3203E+00      1.2138E+00      1.6024E+00      1.3589E-01      6.8201E+01      1.2305E+02      1.0000E+00
      1.8370E-01      1.1779E+00      1.0485E+00      1.3635E+00      1.3731E-01      7.4182E+01      1.0345E+02      1.0000E+00
      2.5907E-01      1.1150E+00      1.0302E+00      1.1777E+00      2.4537E-01      7.9635E+01      1.0193E+02      1.0000E+00
      2.4524E-01      1.1165E+00      1.0233E+00      1.1962E+00      2.2662E-01      7.9943E+01      9.7721E+01      1.0000E+00
      2.5273E-01      1.0594E+00      1.0092E+00      1.1399E+00      2.4303E-01      8.6971E+01      9.4249E+01      1.0000E+00
      2.9431E-01      1.1424E+00      1.0268E+00      1.2510E+00      2.5649E-01      8.2901E+01      9.8120E+01      1.0000E+00
      2.3541E-01      1.0819E+00      1.0203E+00      1.1740E+00      2.2471E-01      8.3494E+01      9.8376E+01      1.0000E+00
      2.3159E-01      1.0964E+00      1.0284E+00      1.2248E+00      2.1820E-01      8.1531E+01      9.7028E+01      1.0000E+00
      2.3597E-01      1.0575E+00      1.0175E+00      1.0972E+00      2.3266E-01      8.1135E+01      9.9424E+01      1.0000E+00
      2.3524E-01      1.0530E+00      1.0094E+00      1.1154E+00      2.3029E-01      8.4815E+01      9.4734E+01      1.0000E+00
      2.4393E-01      1.0359E+00      1.0127E+00      1.0495E+00      2.4315E-01      8.1288E+01      9.8552E+01      1.0000E+00
      2.4510E-01      1.0253E+00      1.0026E+00      1.0490E+00      2.4363E-01      8.6997E+01      9.3308E+01      1.0000E+00
      2.6296E-01      1.1467E+00      1.0936E+00      1.3336E+00      2.1945E-01      6.8067E+01      1.0771E+02      1.0000E+00
      2.5609E-01      1.1398E+00      1.0472E+00      1.3374E+00      2.1678E-01      7.6451E+01      1.0234E+02      1.0000E+00
      2.4651E-01      1.0104E+00      1.0009E+00      1.0255E+00      2.4426E-01      8.7900E+01      9.1884E+01      1.0000E+00
      2.5159E-01      1.0148E+00      1.0009E+00      1.0338E+00      2.4675E-01      8.8714E+01      9.2159E+01      1.0000E+00
      2.5841E-01      1.1570E+00      1.0611E+00      1.3571E+00      2.1838E-01      7.4208E+01      1.0533E+02      1.0000E+00
      2.4664E-01      1.1753E+00      1.1250E+00      1.5081E+00      1.9291E-01      6.9898E+01      1.0521E+02      1.0000E+00
      2.3692E-01      1.0429E+00      1.0065E+00      1.1116E+00      2.2858E-01      8.6919E+01      9.2402E+01      1.0000E+00
      2.4720E-01      1.0077E+00      1.0001E+00      1.0163E+00      2.4664E-01      8.9880E+01      9.0140E+01      1.0000E+00
      2.3758E-01      1.0348E+00      1.0106E+00      1.0878E+00      2.3084E-01      8.3199E+01      9.6753E+01      1.0000E+00
      2.5534E-01      1.0146E+00      1.0059E+00      1.0168E+00      2.5198E-01      8.4377E+01      9.6203E+01      1.0000E+00
      3.0474E-01      1.0581E+00      1.0156E+00      1.1479E+00      2.8105E-01      8.1212E+01      9.6259E+01      1.0000E+00
      2.5210E-01      1.1179E+00      1.0515E+00      1.3094E+00      2.1467E-01      7.5619E+01      1.0237E+02      1.0000E+00
      2.4459E-01      1.0211E+00      1.0009E+00      1.0425E+00      2.4136E-01      8.8550E+01      9.0697E+01      1.0000E+00
      2.4703E-01      1.0027E+00      1.0000E+00      1.0078E+00      2.4584E-01      8.9710E+01      9.0262E+01      1.0000E+00
      2.7280E-01      1.1235E+00      1.0457E+00      1.2840E+00      2.2524E-01      8.3419E+01      1.0546E+02      1.0000E+00
      2.4802E-01      1.2057E+00      1.1475E+00      1.5506E+00      1.9534E-01      6.8086E+01      1.0694E+02      1.0000E+00
      2.4273E-01      1.0517E+00      1.0178E+00      1.0806E+00      2.3790E-01      8.0937E+01      1.0012E+02      1.0000E+00
      2.3931E-01      1.0552E+00      1.0118E+00      1.1273E+00      2.3019E-01      8.3527E+01      9.5452E+01      1.0000E+00
      2.5485E-01      1.0353E+00      1.0126E+00      1.0470E+00      2.4893E-01      8.1071E+01      9.8894E+01      1.0000E+00
      2.4842E-01      1.0125E+00      1.0018E+00      1.0287E+00      2.4661E-01      8.6849E+01      9.3081E+01      1.0000E+00
      2.6289E-01      1.0593E+00      1.0080E+00      1.0771E+00      2.5296E-01      8.4087E+01      9.6127E+01      1.0000E+00
      2.5212E-01      1.0057E+00      1.0010E+00      1.0178E+00      2.4947E-01      8.7749E+01      9.2443E+01      1.0000E+00
      2.5940E-01      1.0276E+00      1.0008E+00      1.0395E+00      2.5428E-01      8.8737E+01      9.1033E+01      1.0000E+00
      2.5373E-01      1.0058E+00      1.0001E+00      1.0168E+00      2.5151E-01      8.9589E+01      9.0619E+01      1.0000E+00
      2.2780E-01      1.0345E+00      1.0100E+00      1.0612E+00      2.1719E-01      8.1958E+01      9.5913E+01      1.0000E+00
      2.4754E-01      1.0240E+00      1.0100E+00      1.0387E+00      2.4083E-01      8.3391E+01      9.7993E+01      1.0000E+00
      2.5508E-01      1.0315E+00      1.0082E+00      1.0389E+00      2.4923E-01      8.3084E+01      9.7308E+01      1.0000E+00
      2.5399E-01      1.0083E+00      1.0043E+00      1.0119E+00      2.5156E-01      8.5134E+01      9.5300E+01      1.0000E+00
      2.5583E-01      1.0041E+00      1.0024E+00      1.0033E+00      2.5571E-01      8.6060E+01      9.3933E+01      1.0000E+00
      2.5557E-01      1.0036E+00      1.0020E+00      1.0061E+00      2.5475E-01      8.6403E+01      9.3620E+01      1.0000E+00
      2.5493E-01      1.0146E+00      1.0019E+00      1.0212E+00      2.5237E-01      8.6614E+01      9.3141E+01      1.0000E+00
      2.5958E-01      1.0512E+00      1.0032E+00      1.0723E+00      2.5108E-01      8.7374E+01      9.2441E+01      1.0000E+00
      2.5498E-01      1.0605E+00      1.0062E+00      1.1007E+00      2.4291E-01      8.6812E+01      9.4775E+01      1.0000E+00
      2.3557E-01      1.0291E+00      1.0043E+00      1.0649E+00      2.2949E-01      8.5198E+01      9.3865E+01      1.0000E+00
      1.7458E-01      1.4247E+00      1.1542E+00      1.7201E+00      1.0557E-01      6.5275E+01      1.1396E+02      1.0000E+00
      3.0070E-01      1.2575E+00      1.1305E+00      1.3146E+00      2.5663E-01      6.3359E+01      1.1511E+02      1.0000E+00
      2.6675E-01      1.0575E+00      1.0220E+00      1.0623E+00      2.6081E-01      7.8507E+01      1.0163E+02      1.0000E+00
      2.5588E-01      1.0180E+00      1.0135E+00      1.0095E+00      2.5497E-01      8.0810E+01      9.9361E+01      1.0000E+00
      2.5519E-01      1.0212E+00      1.0131E+00      1.0186E+00      2.5444E-01      8.0817E+01      9.9112E+01      1.0000E+00
      2.5567E-01      1.0203E+00      1.0133E+00      1.0170E+00      2.5472E-01      8.0857E+01      9.9266E+01      1.0000E+00
      2.5892E-01      1.0171E+00      1.0129E+00      1.0096E+00      2.5783E-01      8.0850E+01      9.8916E+01      1.0000E+00
      2.8034E-01      1.1014E+00      1.0210E+00      1.1541E+00      2.6863E-01      8.1009E+01      9.8829E+01      1.0000E+00
      3.3264E-01      1.3729E+00      1.1350E+00      1.5372E+00      2.6774E-01      6.8653E+01      1.0998E+02      1.0000E+00
      1.9227E-01      1.2813E+00      1.0915E+00      1.6574E+00      1.2965E-01      7.0382E+01      1.0809E+02      1.0000E+00
      6.2966E-02      1.3575E+00      1.1328E+00      1.5762E+00      4.6901E-02      7.7163E+01      1.0995E+02      1.0000E+00
      1.4643E-01      1.5965E+00      1.3112E+00      1.7708E+00      9.0724E-02      5.7788E+01      1.2987E+02      1.0000E+00
      7.6372E-02      1.2554E+00      1.1662E+00      1.4659E+00      5.9116E-02      5.9409E+01      1.1408E+02      1.0000E+00
      9.4924E-02      1.4416E+00      1.2360E+00      1.8663E+00      6.1446E-02      5.6350E+01      1.1605E+02      1.0000E+00
      1.1295E-01      1.7021E+00      1.4907E+00      2.2348E+00      6.6246E-02      5.0563E+01      1.3203E+02      1.0000E+00
      8.9847E-02      1.5112E+00      1.3926E+00      2.0279E+00      5.5962E-02      5.0781E+01      1.2246E+02      1.0000E+00
      5.6408E-02      1.1217E+00      1.0458E+00      1.2618E+00      4.7952E-02      8.2463E+01      1.0551E+02      1.0000E+00
      6.3326E-02      1.3458E+00      1.1269E+00      1.5635E+00      4.7125E-02      7.7323E+01      1.0987E+02      1.0000E+00
      1.0856E-01      1.7512E+00      1.5183E+00      2.2425E+00      6.0150E-02      5.0475E+01      1.3453E+02      1.0000E+00
      5.5720E-02      1.1279E+00      1.0505E+00      1.2727E+00      4.7330E-02      8.1893E+01      1.0615E+02      1.0000E+00
      8.4865E-02      1.4481E+00      1.3169E+00      1.9305E+00      5.4595E-02      5.3976E+01      1.1932E+02      1.0000E+00
      7.1040E-02      1.0340E+00      1.0017E+00      1.0550E+00      6.8969E-02      8.7411E+01      9.1679E+01      1.0000E+00
      7.4545E-02      1.0350E+00      1.0027E+00      1.0758E+00      7.2280E-02      8.9008E+01      9.2512E+01      1.0000E+00
      7.1194E-02      1.0354E+00      1.0019E+00      1.0533E+00      6.9645E-02      8.7755E+01      9.1987E+01      1.0000E+00
      6.8916E-02      1.0034E+00      1.0000E+00      1.0057E+00      6.8665E-02      8.9658E+01      9.0495E+01      1.0000E+00
      7.2971E-02      1.0464E+00      1.0038E+00      1.0722E+00      7.0635E-02      8.6152E+01      9.3176E+01      1.0000E+00
      7.1510E-02      1.0276E+00      1.0010E+00      1.0467E+00      6.9415E-02      8.7787E+01      9.1159E+01      1.0000E+00
      6.9299E-02      1.0008E+00      1.0000E+00      1.0019E+00      6.9203E-02      8.9727E+01      9.0225E+01      1.0000E+00
      7.4368E-02      1.0284E+00      1.0020E+00      1.0653E+00      7.2254E-02      8.8919E+01      9.2146E+01      1.0000E+00
      7.6211E-02      1.2512E+00      1.1732E+00      1.4753E+00      5.8765E-02      5.9300E+01      1.1407E+02      1.0000E+00
      1.3918E-01      1.6455E+00      1.3570E+00      1.7519E+00      8.9405E-02      5.4779E+01      1.3108E+02      1.0000E+00
      9.3668E-02      1.4149E+00      1.2282E+00      1.8452E+00      6.0966E-02      5.7172E+01      1.1485E+02      1.0000E+00
      8.2981E-02      1.4678E+00      1.3304E+00      1.9683E+00      5.2472E-02      5.3272E+01      1.1965E+02      1.0000E+00
      1.0415E-01      1.9712E+00      1.7837E+00      2.7554E+00      4.7039E-02      4.6857E+01      1.4000E+02      1.0000E+00
      4.7818E-02      1.1018E+00      1.0167E+00      1.1804E+00      4.1456E-02      8.4971E+01      1.0035E+02      1.0000E+00
      6.9394E-02      1.0492E+00      1.0043E+00      1.0683E+00      6.7255E-02      8.6267E+01      9.3960E+01      1.0000E+00
      6.8024E-02      1.0068E+00      1.0004E+00      1.0137E+00      6.7286E-02      8.8911E+01      9.1545E+01      1.0000E+00
      6.2744E-02      1.0433E+00      1.0121E+00      1.0854E+00      5.7757E-02      8.5505E+01      9.8846E+01      1.0000E+00
      7.0135E-02      1.0512E+00      1.0057E+00      1.0706E+00      6.7493E-02      8.4829E+01      9.4755E+01      1.0000E+00
      6.9059E-02      1.0025E+00      1.0000E+00      1.0047E+00      6.8843E-02      8.9783E+01      9.0380E+01      1.0000E+00
      7.2471E-02      1.0419E+00      1.0028E+00      1.0642E+00      7.0138E-02      8.6734E+01      9.2543E+01      1.0000E+00
      7.3885E-02      1.0234E+00      1.0022E+00      1.0605E+00      7.1882E-02      8.8123E+01      9.2702E+01      1.0000E+00
      7.1504E-02      1.0267E+00      1.0018E+00      1.0407E+00      7.0038E-02      8.7025E+01      9.2496E+01      1.0000E+00
      8.8481E-02      1.4802E+00      1.3637E+00      2.0098E+00      5.5144E-02      5.2214E+01      1.2045E+02      1.0000E+00
      5.5923E-02      1.1351E+00      1.0636E+00      1.2844E+00      4.7320E-02      7.9954E+01      1.0801E+02      1.0000E+00
      1.1208E-01      1.7325E+00      1.4630E+00      2.2302E+00      6.6798E-02      5.0319E+01      1.3154E+02      1.0000E+00
      4.7680E-02      1.5262E+00      1.5687E+00      2.7423E+00      1.8292E-02      5.3066E+01      1.2500E+02      1.0000E+00
      4.3669E-02      1.0921E+00      1.0443E+00      1.1559E+00      3.7848E-02      8.0575E+01      1.0666E+02      1.0000E+00
      4.2834E-02      1.4515E+00      1.4880E+00      2.5107E+00      1.8041E-02      6.2353E+01      1.2834E+02      1.0000E+00
      4.7145E-02      1.1241E+00      1.0226E+00      1.2223E+00      4.1315E-02      8.4665E+01      9.9145E+01      1.0000E+00
      8.4273E-02      1.4571E+00      1.3684E+00      2.0075E+00      5.2197E-02      5.2333E+01      1.1919E+02      1.0000E+00
      9.6682E-02      2.1526E+00      1.8710E+00      2.7731E+00      4.7973E-02      4.0797E+01      1.4166E+02      1.0000E+00
      9.1961E-02      1.3629E+00      1.1892E+00      1.7722E+00      6.0902E-02      5.9657E+01      1.1141E+02      1.0000E+00
      7.6548E-02      1.2588E+00      1.1865E+00      1.4808E+00      5.8963E-02      5.8309E+01      1.1503E+02      1.0000E+00
      1.3885E-01      1.7010E+00      1.4047E+00      1.7837E+00      8.5670E-02      5.3397E+01      1.3355E+02      1.0000E+00
      6.4113E-02      1.3423E+00      1.1126E+00      1.5454E+00      4.9615E-02      7.5704E+01      1.0528E+02      1.0000E+00
      1.5498E-01      1.1585E+00      1.1935E+00      1.3283E+00      1.1720E-01      6.8839E+01      1.2108E+02      1.0000E+00
      1.6069E-01      2.0554E+00      1.5894E+00      2.6080E+00      1.0779E-01      5.0872E+01      1.2585E+02      1.0000E+00
      2.8809E-01      1.4799E+00      1.5716E+00      2.6667E+00      1.9633E-01      7.7974E+01      1.0788E+02      1.0000E+00
      3.7187E-01      1.2562E+00      1.0880E+00      1.4732E+00      3.6390E-01      8.0893E+01      9.9230E+01      1.0000E+00
      2.6896E-01      1.0923E+00      1.0175E+00      1.1290E+00      2.5245E-01      8.0972E+01      9.9107E+01      1.0000E+00
      2.5660E-01      1.0163E+00      1.0007E+00      1.0295E+00      2.5284E-01      8.8147E+01      9.1865E+01      1.0000E+00
      2.5422E-01      1.0039E+00      1.0001E+00      1.0123E+00      2.5244E-01      8.9598E+01      9.0505E+01      1.0000E+00
      2.5253E-01      1.0048E+00      1.0001E+00      1.0098E+00      2.5101E-01      8.9456E+01      9.0870E+01      1.0000E+00
      2.5172E-01      1.0097E+00      1.0004E+00      1.0163E+00      2.4911E-01      8.8802E+01      9.1627E+01      1.0000E+00
      2.6345E-01      1.0863E+00      1.0149E+00      1.1154E+00      2.4911E-01      8.1850E+01      9.7984E+01      1.0000E+00
      3.7230E-01      1.2544E+00      1.0900E+00      1.4859E+00      3.5880E-01      8.2016E+01      9.9142E+01      1.0000E+00
      3.0107E-01      1.4392E+00      1.4814E+00      2.4615E+00      2.1634E-01      7.7987E+01      1.0645E+02      1.0000E+00
      1.7007E-01      2.0032E+00      1.5794E+00      2.4299E+00      1.2031E-01      5.0941E+01      1.2841E+02      1.0000E+00
      1.5179E-01      1.2493E+00      1.1904E+00      1.4426E+00      1.1652E-01      7.1796E+01      1.2030E+02      1.0000E+00
      2.3230E-01      1.0514E+00      1.0142E+00      1.0985E+00      2.1386E-01      8.4994E+01      9.9487E+01      1.0000E+00
      2.4846E-01      1.0140E+00      1.0003E+00      1.0264E+00      2.4619E-01      8.9578E+01      9.0630E+01      1.0000E+00
      2.6127E-01      1.0792E+00      1.0120E+00      1.1178E+00      2.4619E-01      8.2548E+01      9.6315E+01      1.0000E+00
      4.1854E-01      1.6407E+00      1.3070E+00      1.9748E+00      2.7892E-01      5.5470E+01      1.1894E+02      1.0000E+00
      2.4257E-01      1.4353E+00      1.3916E+00      1.7607E+00      1.2335E-01      6.9599E+01      1.3349E+02      1.0000E+00
      1.8555E-01      1.3914E+00      1.8949E+00      1.9876E+00      1.0048E-01      5.3168E+01      1.3891E+02      1.0000E+00
      1.6087E-01      1.2974E+00      1.3951E+00      2.1817E+00      1.0964E-01      7.3993E+01      1.0889E+02      1.0000E+00
      2.3691E-01      1.0313E+00      1.0069E+00      1.0976E+00      2.2702E-01      8.5997E+01      9.4524E+01      1.0000E+00
      2.4584E-01      1.0138E+00      1.0010E+00      1.0395E+00      2.4243E-01      8.8497E+01      9.1385E+01      1.0000E+00
      2.3330E-01      1.0547E+00      1.0317E+00      1.1837E+00      2.1342E-01      7.9905E+01      1.0054E+02      1.0000E+00
      9.3363E-02      1.8480E+00      2.1679E+00      2.1502E+00      3.5406E-02      4.6416E+01      1.5132E+02      1.0000E+00
      3.8341E-02      2.6365E+00      9.0961E+00      1.4212E+01      5.4304E-03      5.3626E+01      1.4368E+02      1.0000E+00
      1.2502E-01      1.3823E+00      1.2571E+00      1.8664E+00      9.4196E-02      7.5949E+01      1.1611E+02      1.0000E+00
      1.4388E-01      1.3594E+00      1.3464E+00      2.2359E+00      1.0157E-01      7.9161E+01      1.0405E+02      1.0000E+00
      2.3596E-01      1.0387E+00      1.0089E+00      1.1041E+00      2.2599E-01      8.5177E+01      9.5775E+01      1.0000E+00
      2.5136E-01      1.0072E+00      1.0005E+00      1.0242E+00      2.4829E-01      8.8889E+01      9.1257E+01      1.0000E+00
      2.5446E-01      1.0012E+00      1.0000E+00      1.0023E+00      2.5392E-01      8.9756E+01      9.0129E+01      1.0000E+00
      2.5359E-01      1.0030E+00      1.0001E+00      1.0097E+00      2.5266E-01      8.9702E+01      9.0292E+01      1.0000E+00
      2.5040E-01      1.0094E+00      1.0002E+00      1.0182E+00      2.4970E-01      8.9499E+01      9.0384E+01      1.0000E+00
      2.4927E-01      1.0082E+00      1.0001E+00      1.0146E+00      2.4805E-01      8.9437E+01      9.0383E+01      1.0000E+00
      2.4819E-01      1.0036E+00      1.0000E+00      1.0061E+00      2.4754E-01      8.9617E+01      9.0302E+01      1.0000E+00
      2.4520E-01      1.0098E+00      1.0003E+00      1.0184E+00      2.4191E-01      8.9115E+01      9.1373E+01      1.0000E+00
      2.2632E-01      1.0557E+00      1.0281E+00      1.1754E+00      2.0625E-01      8.0394E+01      1.0049E+02      1.0000E+00
      8.7627E-02      1.8697E+00      2.3794E+00      2.0714E+00      3.0657E-02      4.5358E+01      1.5446E+02      1.0000E+00
      3.8967E-02      2.5780E+00      6.6555E+00      1.0620E+01      6.8173E-03      5.2514E+01      1.4425E+02      1.0000E+00
      1.2452E-01      1.3883E+00      1.2606E+00      1.8537E+00      9.3829E-02      7.4767E+01      1.1703E+02      1.0000E+00
      1.4120E-01      1.3692E+00      1.3744E+00      2.3068E+00      9.7567E-02      7.9471E+01      1.0523E+02      1.0000E+00
      2.3586E-01      1.0317E+00      1.0076E+00      1.0955E+00      2.2542E-01      8.5517E+01      9.5276E+01      1.0000E+00
      2.4779E-01      1.0056E+00      1.0003E+00      1.0210E+00      2.4533E-01      8.9263E+01      9.0726E+01      1.0000E+00
      2.4903E-01      1.0031E+00      1.0003E+00      1.0091E+00      2.4780E-01      8.8803E+01      9.1298E+01      1.0000E+00
      2.4887E-01      1.0100E+00      1.0002E+00      1.0204E+00      2.4670E-01      8.9519E+01      9.0957E+01      1.0000E+00
      2.4864E-01      1.0089E+00      1.0002E+00      1.0189E+00      2.4687E-01      8.9423E+01      9.0239E+01      1.0000E+00
      2.4742E-01      1.0083E+00      1.0003E+00      1.0189E+00      2.4502E-01      8.8780E+01      9.1184E+01      1.0000E+00
      2.4991E-01      1.0081E+00      1.0003E+00      1.0114E+00      2.4852E-01      8.8816E+01      9.1247E+01      1.0000E+00
      2.5127E-01      1.0053E+00      1.0002E+00      1.0106E+00      2.4862E-01      8.9390E+01      9.1210E+01      1.0000E+00
      2.3425E-01      1.0435E+00      1.0122E+00      1.0756E+00      2.1726E-01      8.4907E+01      9.8895E+01      1.0000E+00
      1.6068E-01      1.2104E+00      1.2109E+00      1.4090E+00      1.2047E-01      7.0030E+01      1.2173E+02      1.0000E+00
      1.7264E-01      2.1681E+00      1.6892E+00      2.7977E+00      1.1239E-01      4.6292E+01      1.3017E+02      1.0000E+00
      3.2658E-01      1.6485E+00      1.7163E+00      3.1111E+00      2.1226E-01      7.6574E+01      1.0644E+02      1.0000E+00
      4.1396E-01      1.4344E+00      1.2154E+00      1.6891E+00      3.8703E-01      6.6094E+01      1.1409E+02      1.0000E+00
      2.7127E-01      1.1505E+00      1.0985E+00      1.1608E+00      2.5069E-01      6.6212E+01      1.1391E+02      1.0000E+00
      2.5545E-01      1.0511E+00      1.0401E+00      1.0444E+00      2.5128E-01      7.4429E+01      1.0576E+02      1.0000E+00
      2.5339E-01      1.0490E+00      1.0323E+00      1.0403E+00      2.5215E-01      7.5889E+01      1.0419E+02      1.0000E+00
      2.5313E-01      1.0481E+00      1.0303E+00      1.0396E+00      2.5219E-01      7.6202E+01      1.0373E+02      1.0000E+00
      2.5375E-01      1.0430E+00      1.0289E+00      1.0370E+00      2.5143E-01      7.6434E+01      1.0339E+02      1.0000E+00
      2.6168E-01      1.0679E+00      1.0261E+00      1.0832E+00      2.5110E-01      7.7367E+01      1.0256E+02      1.0000E+00
      3.2563E-01      1.1817E+00      1.0475E+00      1.3191E+00      3.1387E-01      8.2280E+01      9.7986E+01      1.0000E+00
      2.4972E-01      1.4530E+00      1.5128E+00      2.4543E+00      1.7578E-01      6.7900E+01      1.0894E+02      1.0000E+00
      1.5091E-01      1.9673E+00      1.5187E+00      2.4543E+00      1.0601E-01      5.5570E+01      1.2193E+02      1.0000E+00
      1.5488E-01      1.1903E+00      1.2289E+00      1.3463E+00      1.1262E-01      6.8564E+01      1.2411E+02      1.0000E+00
      2.2708E-01      1.0522E+00      1.0153E+00      1.1056E+00      2.0881E-01      8.4507E+01      9.9757E+01      1.0000E+00
      2.4643E-01      1.0073E+00      1.0005E+00      1.0189E+00      2.4285E-01      8.8925E+01      9.1659E+01      1.0000E+00
      2.4576E-01      1.0088E+00      1.0006E+00      1.0152E+00      2.4379E-01      8.8060E+01      9.1888E+01      1.0000E+00
      2.4732E-01      1.0057E+00      1.0008E+00      1.0086E+00      2.4647E-01      8.7769E+01      9.2130E+01      1.0000E+00
      2.4681E-01      1.0070E+00      1.0014E+00      1.0174E+00      2.4545E-01      8.7172E+01      9.2853E+01      1.0000E+00
      2.5167E-01      1.0450E+00      1.0072E+00      1.0647E+00      2.4116E-01      8.4259E+01      9.6827E+01      1.0000E+00
      3.1252E-01      1.3147E+00      1.0999E+00      1.4623E+00      2.6697E-01      7.4107E+01      1.0559E+02      1.0000E+00
      2.5828E-01      1.0509E+00      1.0422E+00      1.0160E+00      2.5721E-01      7.3741E+01      1.0635E+02      1.0000E+00
      2.3042E-01      1.0975E+00      1.0520E+00      1.0992E+00      2.2685E-01      7.2456E+01      1.0707E+02      1.0000E+00
      1.6483E-01      1.2703E+00      1.2110E+00      1.7637E+00      1.2040E-01      6.6400E+01      1.0579E+02      1.0000E+00
      9.5405E-02      1.6133E+00      8.2981E+00      1.4858E+00      1.0830E-02      4.8373E+01      1.7305E+02      1.0000E+00
      2.9753E-01      1.4137E+00      1.1672E+00      1.7633E+00      2.3236E-01      7.0182E+01      1.0370E+02      1.0000E+00
      2.4136E-01      1.0701E+00      1.0675E+00      1.0972E+00      2.2670E-01      7.1703E+01      1.0982E+02      1.0000E+00
      2.1289E-01      1.1302E+00      1.0739E+00      1.3167E+00      1.9422E-01      7.5557E+01      1.0483E+02      1.0000E+00
      2.1034E-01      1.1050E+00      1.0400E+00      1.2900E+00      1.9531E-01      8.3134E+01      9.6822E+01      1.0000E+00
      2.3398E-01      1.0354E+00      1.0082E+00      1.1104E+00      2.2475E-01      8.5966E+01      9.4162E+01      1.0000E+00
      2.4611E-01      1.0080E+00      1.0006E+00      1.0279E+00      2.4290E-01      8.8751E+01      9.1321E+01      1.0000E+00
      2.5001E-01      1.0027E+00      1.0000E+00      1.0054E+00      2.4933E-01      8.9847E+01      9.0157E+01      1.0000E+00
      2.5003E-01      1.0049E+00      1.0001E+00      1.0124E+00      2.4884E-01      8.9427E+01      9.0447E+01      1.0000E+00
      2.4846E-01      1.0094E+00      1.0004E+00      1.0219E+00      2.4737E-01      8.8997E+01      9.0935E+01      1.0000E+00
      2.3372E-01      1.0517E+00      1.0293E+00      1.1793E+00      2.1396E-01      8.0503E+01      1.0000E+02      1.0000E+00
      9.2335E-02      1.8614E+00      2.2171E+00      2.1490E+00      3.4678E-02      4.5747E+01      1.5199E+02      1.0000E+00
      3.7600E-02      2.6421E+00      1.0509E+01      1.6247E+01      4.7069E-03      5.3775E+01      1.4375E+02      1.0000E+00
      1.2313E-01      1.3424E+00      1.3078E+00      1.9926E+00      8.5026E-02      7.7297E+01      1.1558E+02      1.0000E+00
      2.1344E-01      1.0857E+00      1.0224E+00      1.1536E+00      1.9675E-01      7.8465E+01      9.7572E+01      1.0000E+00
      2.4749E-01      1.0628E+00      1.0377E+00      1.0759E+00      2.3745E-01      7.4538E+01      1.0488E+02      1.0000E+00
      2.2939E-01      1.0922E+00      1.0471E+00      1.1016E+00      2.2729E-01      7.4025E+01      1.0646E+02      1.0000E+00
      1.7814E-01      1.2347E+00      1.2204E+00      1.7869E+00      1.3874E-01      7.3595E+01      1.0597E+02      1.0000E+00
      2.4223E-01      1.0821E+00      1.0087E+00      1.1404E+00      2.2682E-01      8.5387E+01      9.2882E+01      1.0000E+00
      3.1559E-01      1.3652E+00      1.1296E+00      1.5433E+00      2.6568E-01      7.1783E+01      1.0790E+02      1.0000E+00
      2.4042E-01      1.0667E+00      1.0571E+00      1.0945E+00      2.2844E-01      7.2348E+01      1.0822E+02      1.0000E+00
      2.0952E-01      1.1188E+00      1.0630E+00      1.2960E+00      1.9234E-01      7.6806E+01      1.0345E+02      1.0000E+00
      2.0673E-01      1.1055E+00      1.0344E+00      1.2800E+00      1.9313E-01      8.4947E+01      9.5779E+01      1.0000E+00
      2.1298E-01      1.0856E+00      1.0114E+00      1.1346E+00      2.0562E-01      8.4960E+01      9.5050E+01      1.0000E+00
